alpha=0.050000
beta=0.050000
ntopics=30
ndocs=8500
nwords=4564
